1 3 4 -1 -1 -1 2
2 6 3 1 -1 -1 5
3 7 8 4 1 2 6
4 8 9 -1 -1 1 3
5 11 6 2 -1 -1 10
6 12 7 3 2 5 11
7 13 14 8 3 6 12
8 14 15 9 4 3 7
9 15 16 -1 -1 4 8
10 18 11 5 -1 -1 17
11 19 12 6 5 10 18
12 20 13 7 6 11 19
13 21 22 14 7 12 20
14 22 23 15 8 7 13
15 23 24 16 9 8 14
16 24 25 -1 -1 9 15
17 27 18 10 -1 -1 26
18 28 19 11 10 17 27
19 29 20 12 11 18 28
20 30 21 13 12 19 29
21 31 32 22 13 20 30
22 32 33 23 14 13 21
23 33 34 24 15 14 22
24 34 35 25 16 15 23
25 35 36 -1 -1 16 24
26 37 27 17 -1 -1 -1
27 38 28 18 17 26 37
28 39 29 19 18 27 38
29 40 30 20 19 18 39
30 41 31 21 20 29 40
31 42 43 32 21 30 41
32 43 44 33 22 21 31
33 44 45 34 23 22 32
34 45 46 35 24 23 33
35 46 47 36 25 24 34
36 47 -1 -1 -1 25 35
37 48 38 27 26 -1 -1
38 49 39 28 27 37 48
39 50 40 29 28 38 49
40 51 41 30 29 39 50
41 52 42 31 30 40 51
42 53 54 43 31 41 52
43 54 55 44 32 31 42
44 55 56 45 33 32 43
45 56 57 46 34 33 44
46 57 58 47 35 34 45
47 58 -1 -1 36 35 46
48 59 49 38 37 -1 -1
49 60 50 39 38 48 59
50 61 51 40 39 49 60
51 62 52 41 40 50 61
52 63 53 42 41 51 62
53 64 65 54 42 52 63
54 65 66 55 43 42 53
55 66 67 56 44 43 54
56 67 69 57 45 44 55
57 68 69 58 46 45 56
58 69 -1 -1 47 46 57
59 70 60 49 48 -1 -1
60 71 61 50 49 59 70
61 72 62 51 50 60 71
62 73 63 52 51 61 72
63 74 64 53 52 62 73
64 75 76 65 53 63 74
65 76 77 66 54 53 64
66 77 78 67 55 54 65
67 78 79 68 56 55 66
68 79 80 69 57 56 67
69 80 -1 -1 58 57 68
70 81 71 60 59 -1 -1
71 82 72 61 60 70 81
72 83 73 62 61 71 82
73 84 74 63 62 72 83
74 85 75 64 63 73 84
75 86 87 76 64 74 85
76 87 88 77 65 64 75
77 88 89 78 66 65 76
78 89 90 79 67 66 77
79 90 91 80 68 67 78
80 91 -1 -1 69 68 79
81 -1 82 71 70 -1 -1
82 -1 83 72 71 81 -1
83 -1 84 73 72 82 -1
84 -1 85 74 73 83 -1
85 -1 86 75 74 84 -1
86 -1 -1 87 75 85 -1
87 -1 -1 88 76 75 86
88 -1 -1 89 77 76 87
89 -1 -1 90 78 77 88
90 -1 -1 91 79 78 89
91 -1 -1 -1 80 79 90
